305 1 29 
365 4 61 361 163 44 
6 1 3 
532 12 321 323 89 353 240 188 31 324 417 427 277 161 
876 15 837 811 473 126 405 207 755 184 683 739 873 876 536 344 234 
298 17 8 113 29 202 18 4 274 83 82 176 206 250 217 145 62 222 140 
459 19 342 51 275 177 338 280 263 166 70 104 196 369 238 454 345 159 78 302 226 
64 14 33 10 61 10 58 45 20 28 5 62 44 11 56 53 
582 5 104 476 277 91 294 
732 9 205 417 500 554 529 348 91 270 611 
36 11 24 16 5 34 33 20 13 18 14 31 12 
457 6 449 137 338 260 90 348 
840 9 421 748 24 835 481 43 447 164 708 
627 13 125 528 78 70 466 198 590 180 212 89 460 523 444 
601 15 153 88 2 38 485 513 127 70 333 10 69 274 452 413 327 
75 9 16 53 22 33 18 44 40 48 13 
505 19 352 467 97 170 91 503 232 504 50 316 49 222 470 25 452 147 116 389 208 
203 13 123 92 95 122 129 174 168 127 147 115 77 38 150 
556 18 136 106 337 389 325 196 275 46 412 341 345 385 448 84 321 483 507 342 
5 3 1 3 4
10 4 9 8 4 2
20 4 10 5 7 4
90 8 10 23 1 2 3 4 5 7
45 8 4 10 44 43 12 9 8 2

